Day fraction since midnight on 	pH probe (pH)	air slope ()	air valve control ()	
0.60090697	7.725131512	0	NaN
0.600918542	7.727334023	0	NaN
0.600930146	7.734005451	0	NaN
0.600941708	7.735224247	0	NaN
0.600953272	7.721895695	0	NaN
0.600964858	7.715744019	0	NaN
0.600976417	7.723110676	0	NaN
0.600987989	7.727660656	0	NaN
0.600999579	7.654352188	0	NaN
0.601011147	7.72672224	0	NaN
0.601022748	7.738624573	0	NaN
0.601034315	7.739987373	0	NaN
0.601045886	7.765804768	0	NaN
0.601057441	7.756618023	0	NaN
0.601069004	7.756029129	0	NaN
0.601080588	7.721595287	0	NaN
0.60109218	7.749676228	0	NaN
0.60110373	7.769678116	0	NaN
0.601115315	7.776368141	0	NaN
0.601126881	7.77487421	0	NaN
0.601138468	7.777050495	0	NaN
0.601150051	7.773810387	0	NaN
0.601161602	7.75609684	0	NaN
0.601173181	7.752459526	0	NaN
0.60118477	7.70547533	0	NaN
0.601196334	7.731753826	0	NaN
0.601207921	7.705595493	0	NaN
0.601219496	7.680245876	0	NaN
0.60123105	7.64662838	0	NaN
0.601242615	7.639441013	0	NaN
0.601254199	7.634057045	0	NaN
0.601265762	7.679866314	0	NaN
0.601277338	7.602625847	0	NaN
0.601288955	7.610836029	0	NaN
0.601300485	7.649099827	0	NaN
0.601312076	7.648282528	0	NaN
0.601323647	7.629488468	0	NaN
0.601335252	7.641291142	0	NaN
0.601346807	7.622722626	0	NaN
0.601358392	7.633147717	0	NaN
0.60136993	7.620126247	0	NaN
0.601381508	7.604107857	0	NaN
0.601393091	7.597103596	0	NaN
0.601404658	7.591911793	0	NaN
0.601416227	7.603889942	0	NaN
0.601427844	7.564422131	0	NaN
0.601439393	7.5792799	0	NaN
0.601450962	7.544324398	0	NaN
0.60146253	7.538221359	0	NaN
0.601474097	7.529108524	0	NaN
0.601485677	7.53682518	0	NaN
0.601497248	7.508543015	0	NaN
0.601508839	7.527344227	0	NaN
0.601520433	7.506739616	0	NaN
0.601532	7.512935638	0	NaN
0.601543557	7.489935398	0	NaN
0.601555132	7.489420891	0	NaN
0.601566711	7.472668648	0	NaN
0.601578274	7.464714527	0	NaN
0.601589853	7.465374947	0	NaN
0.601601426	7.438337803	0	NaN
0.601613015	7.434900761	0	NaN
0.601624563	7.433719635	0	NaN
0.601636166	7.417886734	0	NaN
0.601647706	7.410331726	0	NaN
0.601659303	7.417181015	0	NaN
0.601670856	7.395730019	0	NaN
0.60168244	7.451013565	0	NaN
0.601694026	7.402348518	0	NaN
0.601705594	7.393080235	0	NaN
0.601717154	7.37125349	0	NaN
0.601728741	7.394258976	0	NaN
0.601740301	7.36948061	0	NaN
0.60175189	7.365738869	0	NaN
0.601763457	7.378479004	0	NaN
0.601775034	7.386118412	0	NaN
0.601786629	7.325458527	0	NaN
0.601798192	7.336065292	0	NaN
0.601809761	7.295447826	0	NaN
0.60182132	7.302866459	0	NaN
0.601832914	7.293940544	0	NaN
0.601844467	7.250426292	0	NaN
0.601856063	7.217861652	0	NaN
0.601867633	7.271478176	0	NaN
0.601879209	7.30032301	0	NaN
0.601890767	7.280771732	0	NaN
0.601902358	7.271422863	0	NaN
0.601913911	7.262192249	0	NaN
0.601925511	7.291195393	0	NaN
0.60193706	7.265863419	0	NaN
0.601948679	7.254410267	0	NaN
0.60196022	7.233633995	0	NaN
0.601971802	7.230463982	0	NaN
0.60198338	7.241424561	0	NaN
0.601994973	7.230803967	0	NaN
0.60200651	7.204974651	0	NaN
0.602018107	7.221678734	0	NaN
0.60202967	7.199409485	0	NaN
0.60204123	7.256275654	0	NaN
0.602052823	7.152536392	0	NaN
0.602064374	7.198970795	0	NaN
0.602075963	7.198001385	0	NaN
0.602087533	7.183271885	0	NaN
0.602099098	7.16712141	0	NaN
0.602110672	7.203620911	0	NaN
0.602122243	7.171032906	0	NaN
0.602133819	7.167207241	0	NaN
0.602145397	7.208252907	0	NaN
0.602156978	7.207377911	0	NaN
0.602168563	7.155521393	0	NaN
0.602180144	7.160185337	0	NaN
0.602191691	7.145396709	0	NaN
0.602203293	7.137336254	0	NaN
0.602214869	7.133383751	0	NaN
0.602226437	7.131272793	0	NaN
0.602238	7.148207188	0	NaN
0.602249567	7.151804447	0	NaN
0.602261149	7.151625156	0	NaN
0.602272712	7.148500443	0	NaN
0.602284311	7.206293106	0	NaN
0.602295857	7.134591103	0	NaN
0.602307433	7.157212257	0	NaN
0.602319007	7.109054089	0	NaN
0.602330586	7.156048298	0	NaN
0.602342163	7.138122082	0	NaN
0.602353737	7.129392147	0	NaN
0.602365315	7.098876	0	NaN
0.602376879	7.037751198	0	NaN
0.602388458	7.036576271	0	NaN
0.60240005	7.092841148	0	NaN
0.602411619	7.122573376	0	NaN
0.602423186	7.133692265	0	NaN
0.602434744	7.077173233	0	NaN
0.602446331	7.088913441	0	NaN
0.602457922	7.068525314	0	NaN
0.602469469	7.013139725	0	NaN
0.602481042	7.060507774	0	NaN
0.602492616	7.058250427	0	NaN
0.602504205	7.060764313	0	NaN
0.602515768	7.076349735	0	NaN
0.602527356	7.041864395	0	NaN
0.602538923	7.013379097	0	NaN
0.602550501	7.021904469	0	NaN
0.602562067	7.039605141	0	NaN
0.602573644	7.049526691	0	NaN
0.602585208	7.042555809	0	NaN
0.602596797	7.024669647	0	NaN
0.6026084	7.008513928	0	NaN
0.602619956	7.022550583	0	NaN
0.602631511	7.015256405	0	NaN
0.602643103	7.072293282	0	NaN
0.602654678	7.015243053	0	NaN
0.602666232	7.037500382	0	NaN
0.602677813	7.043158531	0	NaN
0.602689391	6.990433693	0	NaN
0.60270096	6.988415718	0	NaN
0.602712555	7.012626171	0	NaN
0.602724119	7.03720665	0	NaN
0.602735685	7.027618408	0	NaN
0.602747252	6.980674744	0	NaN
0.602758833	6.980830669	0	NaN
0.602770394	6.965004921	0	NaN
0.602781974	6.997148514	0	NaN
0.602793574	7.010036469	0	NaN
0.602805136	6.996258736	0	NaN
0.602816706	6.99354887	0	NaN
0.602828281	6.962712288	0	NaN
0.602839859	6.929383755	0	NaN
0.602851416	6.953744888	0	NaN
0.602862991	6.952441692	0	NaN
0.602874589	6.92088604	0	NaN
0.602886172	6.915567875	0	NaN
0.602897726	6.917947769	0	NaN
0.602909289	6.946127892	0	NaN
0.602920863	6.939331055	0	NaN
0.60293243	6.916419029	0	NaN
0.602944004	6.92566824	0	NaN
0.602955577	6.895723343	0	NaN
0.602967158	6.855983257	0	NaN
0.602978727	6.878106117	0	NaN
0.6029903	6.896389484	0	NaN
0.603001908	6.895102501	0	NaN
0.603013455	7.053801537	0	NaN
0.603025037	7.037766457	0	NaN
0.603036611	6.876935959	0	NaN
0.603048184	6.854691982	0	NaN
0.603059757	6.867363453	0	NaN
0.603071336	6.830668449	0	NaN
0.603082898	6.866423607	0	NaN
0.603094483	6.930426598	0	NaN
0.603106056	6.889108181	0	NaN
0.603117625	6.890692711	0	NaN
0.6031292	6.867667198	0	NaN
0.603140765	6.863292217	0	NaN
0.60315238	6.84513855	0	NaN
0.603163917	6.852676868	0	NaN
0.603175511	6.85521555	0	NaN
0.603187081	6.833101273	0	NaN
0.603198642	6.829154015	0	NaN
0.603210226	6.823642731	0	NaN
0.603221802	6.835207939	0	NaN
0.603233355	6.809240341	0	NaN
0.603244949	6.854517937	0	NaN
0.603256503	6.788944721	0	NaN
0.6032681	6.822659016	0	NaN
0.603279664	6.799036503	0	NaN
0.603291232	6.814743996	0	NaN
0.603302801	6.790587902	0	NaN
0.603314404	6.819609642	0	NaN
0.603325957	6.792742252	0	NaN
0.603337522	6.830767155	0	NaN
0.603349125	6.806772709	0	NaN
0.603360685	6.806672096	0	NaN
0.603372261	6.804778099	0	NaN
0.60338383	6.795064449	0	NaN
0.603395412	6.787653446	0	NaN
0.603406973	6.792247295	0	NaN
0.603418569	6.804893494	0	NaN
0.603430134	6.804177284	0	NaN
0.603441708	6.805579186	0	NaN
0.603453275	6.783857822	0	NaN
0.603464837	6.788640976	0	NaN
0.603476411	6.782162666	0	NaN
0.603487986	6.803785801	0	NaN
0.603499593	6.786412716	0	NaN
0.603511133	6.860514164	0	NaN
0.603522727	6.757463455	0	NaN
0.603534293	6.753889084	0	NaN
0.603545856	6.750300884	0	NaN
0.603557452	6.782176018	0	NaN
0.603569025	6.759068489	0	NaN
0.603580606	6.771393776	0	NaN
0.603592154	6.750308037	0	NaN
0.603603752	6.776113987	0	NaN
0.603615324	6.739923	0	NaN
0.603626875	6.763317585	0	NaN
0.60363847	6.743710995	0	NaN
0.603650037	6.746982575	0	NaN
0.603661609	6.747942925	0	NaN
0.603673191	6.770745277	0	NaN
0.603684748	6.766764641	0	NaN
0.60369632	6.748484135	0	NaN
0.603707926	6.726189613	0	NaN
0.603719483	6.738652229	0	NaN
0.603731056	6.739975929	0	NaN
0.603742627	6.739520073	0	NaN
0.603754199	6.709821224	0	NaN
0.603765768	6.717018127	0	NaN
0.603777368	6.720652103	0	NaN
0.603788911	6.700875282	0	NaN
0.603800507	6.742919445	0	NaN
0.603812089	6.709002495	0	NaN
0.603823646	6.721205235	0	NaN
0.603835206	6.683185577	0	NaN
0.603846799	6.72547245	0	NaN
0.603858371	6.68363905	0	NaN
0.603869958	6.719411373	0	NaN
0.603881509	6.673626423	0	NaN
0.603893086	6.712378025	0	NaN
0.603904667	6.664244175	0	NaN
0.603916239	6.676796436	0	NaN
0.603927822	6.664576054	0	NaN
0.603939381	6.674469471	0	NaN
0.603950968	6.657842636	0	NaN
0.603962544	6.678294659	0	NaN
0.603974106	6.64653492	0	NaN
0.603985698	6.646048069	0	NaN
0.603997255	6.69272089	0	NaN
0.604008832	6.676749706	0	NaN
0.604020425	6.654945374	0	NaN
0.604031973	6.658332348	0	NaN
0.604043563	6.647809029	0	NaN
0.604055135	6.630667687	0	NaN
0.604066695	6.596093655	0	NaN
0.604078263	6.625793934	0	NaN
0.604089844	6.627743721	0	NaN
0.604101424	6.624343872	0	NaN
0.604113019	6.671628952	0	NaN
0.604124572	6.620803356	0	NaN
0.604136162	6.65942955	0	NaN
0.604147729	6.621682167	0	NaN
0.604159326	6.627554894	0	NaN
0.604170868	6.604575157	0	NaN
0.604182451	6.653310776	0	NaN
0.604194004	6.597966671	0	NaN
0.604205578	6.644768715	0	NaN
0.604217194	6.604453564	0	NaN
0.604228741	6.616146565	0	NaN
0.60424032	6.600234032	0	NaN
0.604251898	6.637506962	0	NaN
0.604263468	6.596804142	0	NaN
0.604275041	6.636198998	0	NaN
0.604286623	6.620224476	0	NaN
0.604298185	6.629103184	0	NaN
0.60430975	6.589280605	0	NaN
0.604321339	6.598450661	0	NaN
0.604332911	6.578936577	0	NaN
0.604344483	6.583828449	0	NaN
0.604356062	6.599380016	0	NaN
0.604367616	6.614820004	0	NaN
0.604379189	6.608807564	0	NaN		
0.604390779	6.575010777	0	NaN
0.604402348	6.559966087	0	NaN
0.604413936	6.551589012	0	NaN
0.604425489	6.577638626	0	NaN
0.604437091	6.54278183	0	NaN
0.604448643	6.583955288	0	NaN
0.604460226	6.536527157	0	NaN
0.604471807	6.581292152	0	NaN
0.604483375	6.533008575	0	NaN
0.604494938	6.565670013	0	NaN
0.604506533	6.521307468	0	NaN
0.604518097	6.575705528	0	NaN
0.60452967	6.520482063	0	NaN
0.604541245	6.551210403	0	NaN
0.604552821	6.523661614	0	NaN
0.60456439	6.559025288	0	NaN
0.604575966	6.532211304	0	NaN
0.604587541	6.543967247	0	NaN
0.6045991	6.524219036	0	NaN
0.604610691	6.537249565	0	NaN
0.604622266	6.514919758	0	NaN
0.604633819	6.518865109	0	NaN
0.604645399	6.498473167	0	NaN
0.604656972	6.569007874	0	NaN
0.604668543	6.5348382	0	NaN
0.604680126	6.484622955	0	NaN
0.60469169	6.497163773	0	NaN
0.604703285	6.496687889	0	NaN
0.604714839	6.509852409	0	NaN
0.604726414	6.483825684	0	NaN
0.604738017	6.53316164	0	NaN
0.604749574	6.471004963	0	NaN
0.604761141	6.525136471	0	NaN
0.604772738	6.476622105	0	NaN
0.604784287	6.517993927	0	NaN
0.604795854	6.462843418	0	NaN
0.604807433	6.511473656	0	NaN
0.604819003	6.467639446	0	NaN
0.604830597	6.519773006	0	NaN
0.604842174	6.464345932	0	NaN
0.604853739	6.505475044	0	NaN
0.604865322	6.467576981	0	NaN
0.604876894	6.477018833	0	NaN
0.604888468	6.465168476	0	NaN
0.604900024	6.476186276	0	NaN
0.604911606	6.474453449	0	NaN
0.604923194	6.477094173	0	NaN
0.604934763	6.477043629	0	NaN
0.604946339	6.464463711	0	NaN
0.604957895	6.483985424	0	NaN
0.604969483	6.463470936	0	NaN
0.604981074	6.464171886	0	NaN
0.60499262	6.417709827	0	NaN
0.605004209	6.369550705	0	NaN
0.605015777	6.437512875	0	NaN
0.605027339	6.492302418	0	NaN
0.605038912	6.45016098	0	NaN
0.605050501	6.502647877	0	NaN
0.605062091	6.436041355	0	NaN
0.605073642	6.489579201	0	NaN
0.605085224	6.397648335	0	NaN
0.605096802	6.464188576	0	NaN
0.60510837	6.420693874	0	NaN
0.605119933	6.452549934	0	NaN
0.605131515	6.422754288	0	NaN
0.605143097	6.421694279	0	NaN
0.605154672	6.409749031	0	NaN
0.60516626	6.426604748	0	NaN
0.605177812	6.401622295	0	NaN
0.605189403	6.402040958	0	NaN
0.605200949	6.418218136	0	NaN
0.605212535	6.444909573	0	NaN
0.605224101	6.416156292	0	NaN
0.605235685	6.392501354	0	NaN
0.605247261	6.411886692	0	NaN
0.605258824	6.380379677	0	NaN
0.605270394	6.411043167	0	NaN
0.605281992	6.384235859	0	NaN
0.605293544	6.411697388	0	NaN
0.605305129	6.366806984	0	NaN
0.605316711	6.415297031	0	NaN
0.605328268	6.357501984	0	NaN
0.605339842	6.401763439	0	NaN
0.605351429	6.363630295	0	NaN
0.605362987	6.41674757	0	NaN
0.605374561	6.37403965	0	NaN
0.605386146	6.441718578	0	NaN
0.60539773	6.336166859	0	NaN
0.60540929	6.381429672	0	NaN
0.605420868	6.351707459	0	NaN
0.605432433	6.383058071	0	NaN
0.60544402	6.356258392	0	NaN
0.605455609	6.383281231	0	NaN
0.605467152	6.356337547	0	NaN
0.605478738	6.361880779	0	NaN
0.605490303	6.355359078	0	NaN
0.605501901	6.358771801	0	NaN
0.605513453	6.345374107	0	NaN
0.605525051	6.351858139	0	NaN
0.605536601	6.35691309	0	NaN
0.605548183	6.338730335	0	NaN
0.605559767	6.355028153	0	NaN
0.605571341	6.326731205	0	NaN
0.605582923	6.36255455	0	NaN
0.605594467	6.303677082	0	NaN
0.605606075	6.350162029	0	NaN
0.605617629	6.301267147	0	NaN
0.605629197	6.346514225	0	NaN
0.605640778	6.304198265	0	NaN
0.605652338	6.342347145	0	NaN
0.605663916	6.292794704	0	NaN
0.605675517	6.320116043	0	NaN
0.605687085	6.301275253	0	NaN
0.605698667	6.336123467	0	NaN
0.605710216	6.304123402	0	NaN
0.605721807	6.340642452	0	NaN
0.605733356	6.306150436	0	NaN
0.605744943	6.330230713	0	NaN
0.605756504	6.262889385	0	NaN
0.605768104	6.312803268	0	NaN
0.605779671	6.275033474	0	NaN
0.605791241	6.283784866	0	NaN
0.605802805	6.269874096	0	NaN
0.605814386	6.229246616	0	NaN
0.605825957	6.240874291	0	NaN
0.605837555	6.23400116	0	NaN
0.605849115	6.274998188	0	NaN
0.605860692	6.246150494	0	NaN
0.605872252	6.275656223	0	NaN
0.60588384	6.242740631	0	NaN
0.605895413	6.284789085	0	NaN
0.605906971	6.221773148	0	NaN
0.605918541	6.28177166	0	NaN
0.605930117	6.216655731	0	NaN
0.605941696	6.261838913	0	NaN
0.605953272	6.223159313	0	NaN
0.605964839	6.2697258	0	NaN
0.605976415	6.202530861	0	NaN
0.605988006	6.245917797	0	NaN
0.605999578	6.219622135	0	NaN
0.606011136	6.248839855	0	NaN
0.60602271	6.253505707	0	NaN
0.606034286	6.239053726	0	NaN
0.606045855	6.234332562	0	NaN
0.606057434	6.232344151	0	NaN
0.606069023	6.279907703	0	NaN
0.606080603	6.229158878	0	NaN
0.606092173	6.194484234	0	NaN
0.60610374	6.193516731	0	NaN
0.606115309	6.214991093	0	NaN
0.606126885	6.197745323	0	NaN
0.606138458	6.216279507	0	NaN
0.606150053	6.176855564	0	NaN
0.606161595	6.230120659	0	NaN
0.606173169	6.179282188	0	NaN
0.606184765	6.235636234	0	NaN
0.606196323	6.161764622	0	NaN
0.606207891	6.218913078	0	NaN
0.606219465	6.172504425	0	NaN
0.606231072	6.220219135	0	NaN
0.606242645	6.144341946	0	NaN
0.606254205	6.183820248	0	NaN
0.606265773	6.20528698	0	NaN
0.606277344	6.182644367	0	NaN
0.606288921	6.188770771	0	NaN
0.606300502	6.15933466	0	NaN
0.606312069	6.141471386	0	NaN
0.60632364	6.162194252	0	NaN
0.606335207	6.169272423	0	NaN
0.606346811	6.135181904	0	NaN
0.606358368	6.166764736	0	NaN
0.606369933	6.137372017	0	NaN
0.606381515	6.162583351	0	NaN
0.606393094	6.105280876	0	NaN
0.60640465	6.160877705	0	NaN
0.606416237	6.087157726	0	NaN
0.606427835	6.007652283	0	NaN
0.606439376	6.058568478	0	NaN
0.606450963	6.128822327	0	NaN
0.606462535	6.106671333	0	NaN
0.606474107	6.139783382	0	NaN
0.606485681	6.096933842	0	NaN
0.606497242	6.138010025	0	NaN
0.606508832	6.10011816	0	NaN
0.606520413	6.167591572	0	NaN
0.606531971	6.087705612	0	NaN
0.606543537	6.146709919	0	NaN
0.606555124	6.099579334	0	NaN
0.606566685	6.141391277	0	NaN
0.606578288	6.110713005	0	NaN
0.606589865	6.099460125	0	NaN
0.606601418	6.091870308	0	NaN
0.606613013	6.108018875	0	NaN
0.606624562	6.114182949	0	NaN
0.606636153	6.113765717	0	NaN
0.606647714	6.101531029	0	NaN
0.606659279	6.072167873	0	NaN
0.60667086	6.094679356	0	NaN
0.606682431	6.073415756	0	NaN
0.606694022	6.108013153	0	NaN
0.606705584	6.068556309	0	NaN
0.60671717	6.133150578	0	NaN
0.606728734	6.049510479	0	NaN
0.606740341	6.091514111	0	NaN
0.606751876	6.063353539	0	NaN
0.606763469	6.11591816	0	NaN
0.606775032	6.081872463	0	NaN
0.606786612	6.134749889	0	NaN
0.606798181	6.05526638	0	NaN
0.60680977	6.05799818	0	NaN
0.606821315	6.026082516	0	NaN
0.606832904	6.085297585	0	NaN
0.606844482	6.048941135	0	NaN
0.606856046	6.091304779	0	NaN
0.606867627	6.061398029	0	NaN
0.606879222	6.078490734	0	NaN
0.606890779	6.070101738	0	NaN
0.606902348	6.049184799	0	NaN
0.606913907	6.071670055	0	NaN
0.6069255	5.985534668	0	NaN
0.606937078	6.025837898	0	NaN
0.606948645	6.063850403	0	NaN
0.606960224	6.011083126	0	NaN
0.606971794	6.035100937	0	NaN
0.606983377	5.992445946	0	NaN
0.606994936	5.988221169	0	NaN
0.607006514	6.011452198	0	NaN
0.607018095	5.997801304	0	NaN
0.607029657	5.937215805	0	NaN
0.607041221	5.926530838	0	NaN
0.607052811	5.941187859	0	NaN
0.60706437	5.973598957	0	NaN
0.607075964	5.978719235	0	NaN
0.60708754	5.952980995	0	NaN
0.60709909	6.025341511	0	NaN
0.607110688	6.006480694	0	NaN
0.60712227	6.048761845	0	NaN
0.607133816	5.995638847	0	NaN
0.607145404	6.023578167	0	NaN
0.607156976	6.018983841	0	NaN
0.607168538	6.015093327	0	NaN
0.607180112	6.007483006	0	NaN
0.607191699	5.996131897	0	NaN
0.607203263	6.030383587	0	NaN
0.607214849	6.030910969	0	NaN
0.607226415	6.025331974	0	NaN
0.607237985	5.931724072	0	NaN
0.60724957	5.976274014	0	NaN
0.607261157	5.964108944	0	NaN
0.607272728	6.009150982	0	NaN
0.607284277	5.975310326	0	NaN
0.607295878	6.001522541	0	NaN
0.607307445	5.940378189	0	NaN
0.607318997	5.992863655	0	NaN
0.6073306	5.97029829	0	NaN
0.607342156	6.004176617	0	NaN
0.607353723	5.945835114	0	NaN
0.607365314	5.978823185	0	NaN
0.607376885	5.906217098	0	NaN
0.607388487	5.961692333	0	NaN
0.607400035	5.906747341	0	NaN
0.607411603	5.948708534	0	NaN
0.607423163	5.916831493	0	NaN
0.607434754	5.965886116	0	NaN
0.607446338	5.903803825	0	NaN
0.607457897	5.953471661	0	NaN
0.607469482	5.945138931	0	NaN
0.607481066	5.930986881	0	NaN
0.607492621	5.942131996	0	NaN
0.607504202	5.910925388	0	NaN
0.607515777	5.918231487	0	NaN
0.607527347	5.90775156	0	NaN
0.607538916	5.925174713	0	NaN
0.607550493	5.897050858	0	NaN
0.607562065	5.943416596	0	NaN
0.607573646	5.869653225	0	NaN
0.60758522	5.907856464	0	NaN
0.607596775	5.876825333	0	NaN
0.607608349	5.896050453	0	NaN
0.607619932	5.883479118	0	NaN
0.607631507	5.919710159	0	NaN
0.607643074	5.884123325	0	NaN
0.607654661	5.942058086	0	NaN
0.607666231	5.872841358	0	NaN
0.607677793	5.940706253	0	NaN
0.607689384	5.877707005	0	NaN
0.607700973	5.891563892	0	NaN
0.607712516	5.833170414	0	NaN
0.607724117	5.890881538	0	NaN
0.607735665	5.865704536	0	NaN
0.607747237	5.895127773	0	NaN
0.607758826	5.852931976	0	NaN
0.607770393	5.864066124	0	NaN
0.607781989	5.853732109	0	NaN
0.607793538	5.856797218	0	NaN
0.607805137	5.854306698	0	NaN
0.607816695	5.8507967	0	NaN
0.60782827	5.856486797	0	NaN
0.607839873	5.835951805	0	NaN
0.607851421	5.845950127	0	NaN	
0.607862978	5.783514023	0	NaN
0.607874565	5.819033623	0	NaN
0.607886126	5.786349297	0	NaN
0.60789772	5.863053322	0	NaN
0.607909285	5.830386162	0	NaN
0.607920845	5.889976502	0	NaN
0.607932466	5.833499908	0	NaN
0.607944016	5.866247177	0	NaN
0.607955571	5.783685684	0	NaN
0.607967147	5.832372189	0	NaN
0.60797872	5.764997006	0	NaN
0.607990313	5.815038204	0	NaN
0.608001881	5.762182713	0	NaN
0.608013453	5.819331169	0	NaN
0.608025025	5.784550667	0	NaN
0.608036594	5.821657658	0	NaN
0.608048175	5.779489517	0	NaN
0.608059749	5.80667305	0	NaN
0.608071328	5.801428318	0	NaN
0.608082883	5.80793047	0	NaN
0.608094469	5.821921349	0	NaN
0.608106036	5.805746079	0	NaN
0.608117632	5.820669174	0	NaN
0.608129198	5.769064903	0	NaN
0.608140786	5.796892643	0	NaN
0.608152329	5.764626503	0	NaN
0.608163914	5.810306549	0	NaN
0.608175483	5.785806656	0	NaN
0.608187063	5.819723606	0	NaN
0.608198627	5.768642426	0	NaN
0.608210214	5.817373753	0	NaN
0.608221789	5.73955822	0	NaN
0.608233353	5.799230099	0	NaN
0.608244929	5.743773937	0	NaN
0.608256504	5.820450306	0	NaN
0.608268075	5.744981289	0	NaN
0.60827967	5.794208527	0	NaN
0.608291215	5.726593971	0	NaN
0.608302796	5.750058174	0	NaN
0.608314387	5.716992855	0	NaN
0.60832594	5.75083828	0	NaN
0.608337517	5.740790844	0	NaN
0.608349103	5.747576237	0	NaN
0.608360659	5.732820988	0	NaN
0.608372246	5.720924854	0	NaN
0.608383818	5.729892254	0	NaN
0.608395401	5.723736763	0	NaN
0.608406971	5.74326849	0	NaN
0.608418548	5.71265173	0	NaN
0.608430104	5.751293659	0	NaN
0.608441701	5.712090492	0	NaN
0.608453257	5.721024036	0	NaN
0.608464839	5.682286739	0	NaN
0.60847642	5.702104092	0	NaN
0.608487984	5.670143604	0	NaN
0.60849958	5.74207592	0	NaN
0.608511142	5.691505909	0	NaN
0.608522724	5.73291111	0	NaN
0.608534301	5.658366203	0	NaN
0.608545861	5.719174385	0	NaN
0.608557423	5.635694504	0	NaN
0.60856901	5.701938629	0	NaN
0.608580568	5.648579598	0	NaN
0.60859215	5.718987942	0	NaN
0.608603741	5.639176369	0	NaN
0.608615289	5.678654671	0	NaN
0.608626892	5.632344246	0	NaN
0.608638461	5.675179005	0	NaN
0.608650023	5.674840927	0	NaN
0.608661587	5.659649372	0	NaN
0.60867317	5.701471329	0	NaN
0.608684761	5.654639721	0	NaN
0.608696327	5.671223164	0	NaN
0.608707883	5.62274313	0	NaN
0.608719475	5.633097172	0	NaN
0.608731048	5.576891899	0	NaN
0.608742603	5.640716076	0	NaN
0.608754185	5.591651917	0	NaN
0.608765754	5.659614086	0	NaN
0.608777333	5.584266186	0	NaN
0.608788906	5.607970238	0	NaN
0.608800486	5.54718256	0	NaN
0.608812059	5.63250351	0	NaN
0.608823642	5.586778641	0	NaN
0.608835195	5.651538849	0	NaN
0.608846773	5.575528622	0	NaN
0.608858347	5.63025713	0	NaN
0.608869933	5.538393021	0	NaN
0.608881518	5.599882603	0	NaN
0.608893091	5.566399097	0	NaN
0.608904644	5.614046097	0	NaN
0.608916225	5.591508389	0	NaN
0.608927793	5.602267742	0	NaN
0.608939361	5.581189632	0	NaN
0.608950954	5.57217598	0	NaN
0.608962519	5.584610462	0	NaN
0.608974123	5.549194813	0	NaN
0.608985661	5.577242851	0	NaN
0.608997242	5.549421787	0	NaN
0.609008807	5.582988739	0	NaN
0.609020378	5.540140629	0	NaN
0.609031966	5.573033333	0	NaN
0.609043549	5.501699448	0	NaN
0.609055121	5.53263855	0	NaN
0.609066679	5.475420475	0	NaN
0.60907827	5.553191185	0	NaN
0.609089823	5.506788731	0	NaN
0.609101409	5.521291733	0	NaN
0.609112983	5.476448536	0	NaN
0.609124547	5.563894272	0	NaN
0.609136141	5.486274719	0	NaN
0.609147733	5.557953835	0	NaN
0.609159282	5.494966507	0	NaN
0.609170855	5.541321755	0	NaN
0.609182415	5.487826347	0	NaN
0.609193999	5.538057327	0	NaN
0.609205582	5.491481304	0	NaN
0.609217167	5.508104801	0	NaN
0.609228727	5.512422562	0	NaN
0.609240289	5.506241322	0	NaN
0.609251876	5.500553131	0	NaN
0.609263451	5.490400314	0	NaN
0.60927501	5.499242306	0	NaN
0.609286603	5.440382958	0	NaN
0.609298168	5.466564179	0	NaN
0.609309741	5.446171761	0	NaN
0.609321306	5.497264385	0	NaN
0.609332904	5.418354988	0	NaN
0.609344472	5.491726875	0	NaN
0.609356067	5.427314282	0	NaN
0.609367601	5.463152409	0	NaN
0.609379174	5.401067734	0	NaN
0.609390772	5.479548931	0	NaN
0.609402325	5.393535614	0	NaN
0.609413904	5.468119144	0	NaN
0.609425478	5.388439655	0	NaN
0.60943705	5.453717232	0	NaN
0.609448635	5.354392052	0	NaN
0.609460212	5.440453529	0	NaN
0.609471775	5.384008408	0	NaN
0.609483358	5.431548119	0	NaN
0.609494917	5.430888176	0	NaN
0.609506491	5.41382122	0	NaN
0.609518084	5.350000382	0	NaN
0.60952965	5.355730057	0	NaN
0.609541231	5.368233204	0	NaN
0.609552797	5.383547783	0	NaN
0.609564379	5.40998888	0	NaN
0.609575965	5.359007359	0	NaN
0.609587542	5.414223194	0	NaN
0.609599106	5.33321476	0	NaN
0.60961068	5.357791901	0	NaN
0.609622242	5.316097736	0	NaN
0.609633818	5.377352715	0	NaN
0.609645402	5.332680702	0	NaN
0.609656972	5.392741203	0	NaN
0.609668541	5.299940586	0	NaN
0.609680119	5.350329876	0	NaN
0.609691693	5.288440228	0	NaN
0.609703267	5.352273464	0	NaN
0.609714821	5.279259682	0	NaN
0.609726416	5.384761334	0	NaN
0.609738002	5.283220291	0	NaN
0.609749555	5.326966286	0	NaN
0.609761136	5.273874283	0	NaN
0.609772692	5.292289734	0	NaN
0.609784287	5.265433312	0	NaN
0.609795842	5.304893017	0	NaN
0.609807417	5.29361248	0	NaN
0.609818991	5.298192024	0	NaN
0.609830583	5.289937019	0	NaN
0.609842146	5.242432118	0	NaN
0.609853722	5.243427753	0	NaN
0.609865302	5.211835861	0	NaN
0.609876861	5.266866684	0	NaN
0.609888441	5.220216274	0	NaN
0.609900027	5.315176964	0	NaN
0.609911597	5.217235565	0	NaN
0.609923155	5.264360905	0	NaN
0.609934728	5.192899704	0	NaN
0.609946312	5.244119644	0	NaN
0.609957886	5.165147305	0	NaN
0.609969467	5.231816769	0	NaN
0.60998103	5.159336567	0	NaN
0.609992626	5.198035717	0	NaN
0.610004174	5.112635136	0	NaN
0.610015752	5.174732685	0	NaN
0.610027324	5.119465828	0	NaN
0.610038934	5.183004379	0	NaN
0.610050486	5.123177528	0	NaN
0.610062049	5.20102644	0	NaN
0.610073635	5.14649868	0	NaN
0.610085191	5.151766777	0	NaN
0.610096781	5.140369892	0	NaN
0.610108358	5.126223087	0	NaN
0.610119934	5.182525635	0	NaN
0.610131492	5.126319885	0	NaN
0.610143081	5.128259182	0	NaN
0.61015464	5.092209816	0	NaN
0.61016623	5.123276234	0	NaN
0.610177789	5.060260773	0	NaN
0.610189371	5.140768051	0	NaN
0.61020093	5.059480667	0	NaN
0.61021251	5.120334625	0	NaN
0.610224101	5.044322014	0	NaN
0.610235684	5.073120594	0	NaN
0.610247257	4.989797592	0	NaN
0.610258821	5.071158886	0	NaN
0.610270394	4.984846115	0	NaN
0.610281983	5.053064346	0	NaN
0.610293542	4.967327118	0	NaN
0.610305122	5.040575504	0	NaN
0.610316689	4.959440231	0	NaN
0.610328253	5.037302971	0	NaN
0.610339827	4.960595131	0	NaN
0.610351413	4.999268532	0	NaN
0.610362975	4.954494	0	NaN
0.610374558	4.995375156	0	NaN
0.610386137	4.953354836	0	NaN
0.610397707	4.933678627	0	NaN
0.610409281	4.912636757	0	NaN
0.610420839	4.910280228	0	NaN
0.610432428	4.864660263	0	NaN
0.610443994	4.836278439	0	NaN
0.610455563	4.904631615	0	NaN
0.610467166	4.869877815	0	NaN
0.610478709	4.831503868	0	NaN
0.610490283	4.788658619	0	NaN
0.610501872	4.876616001	0	NaN
0.610513464	4.786547661	0	NaN
0.610525027	4.857302189	0	NaN
0.610536579	4.766489983	0	NaN
0.610548155	4.848838329	0	NaN
0.610559726	4.766372204	0	NaN
0.61057132	4.818202019	0	NaN
0.610582876	4.701812267	0	NaN
0.610594468	4.783432961	0	NaN
0.610606035	4.663808346	0	NaN
0.61061763	4.751946449	0	NaN
0.61062919	4.668148518	0	NaN
0.610640753	4.713516712	0	NaN
0.610652327	4.615875244	0	NaN
0.610663916	4.664871216	0	NaN
0.610675508	4.624216557	0	NaN
0.610687059	4.620128632	0	NaN
0.610698637	4.595982075	0	NaN
0.61071021	4.606714249	0	NaN
0.610721787	4.623198509	0	NaN
0.610733338	4.553446293	0	NaN
0.610744927	4.556385517	0	NaN
0.610756497	4.524130821	0	NaN
0.610768081	4.559147835	0	NaN
0.610779654	4.491295338	0	NaN
0.610791219	4.542283535	0	NaN
0.610802789	4.45500803	0	NaN
0.610814373	4.48252964	0	NaN
0.610825945	4.425343037	0	NaN
0.610837506	4.466191769	0	NaN
0.610849108	4.36584425	0	NaN
0.610860666	4.454170227	0	NaN
0.610872234	4.358753681	0	NaN
0.610883815	4.439582348	0	NaN
0.610895394	4.354815006	0	NaN
0.610906974	4.369718075	0	NaN
0.610918523	4.277750015	0	NaN
0.610930116	4.340508461	0	NaN
0.610941692	4.294562817	0	NaN
0.610953262	4.330043793	0	NaN
0.610964824	4.249475479	0	NaN
0.610976421	4.296262741	0	NaN
0.610987992	4.193691731	0	NaN
0.610999567	4.212336063	0	NaN
0.611011121	4.234330654	0	NaN
0.611022709	4.190894604	0	NaN
0.611034275	4.221152782	0	NaN
0.611045836	4.170500755	0	NaN
0.611057426	4.234438419	0	NaN
0.611069002	4.174085617	0	NaN
0.611080598	4.211165428	0	NaN
0.611092134	4.119404793	0	NaN
0.611103727	4.173876762	0	NaN
0.611115303	4.084077835	0	NaN
0.611126889	4.126302719	0	NaN
0.611138437	4.05384922	0	NaN
0.611150019	4.149012566	0	NaN
0.61116161	4.066173077	0	NaN
0.611173196	4.178870678	0	NaN
0.611184726	4.039587021	0	NaN
0.61119631	4.114596844	0	NaN
0.61120789	4.008617401	0	NaN
0.611219458	4.063137531	0	NaN
0.611231027	4.039958954	0	NaN
0.611242611	4.082531929	0	NaN
0.611254185	4.051524639	0	NaN
0.611265746	4.035678864	0	NaN
0.611277322	3.996283531	0	NaN
0.611288912	4.005721569	0	NaN
0.611300489	4.001344204	0	NaN
0.611312062	3.982595444	0	NaN
0.611323644	4.068295002	0	NaN		
0.611335215	4.239027977	0	NaN
0.611346795	3.950100422	0	NaN
0.611358357	3.941165686	0	NaN
0.611369912	3.951198578	0	NaN
0.611381504	3.856487989	0	NaN
0.611393067	3.898531675	0	NaN
0.611404634	3.873056173	0	NaN
0.611416225	3.991556644	0	NaN
0.611427798	3.892746449	0	NaN
0.611439371	3.961019039	0	NaN
0.61145094	3.839253664	0	NaN
0.611462522	3.935218811	0	NaN
0.611474088	3.865452528	0	NaN
0.611485661	3.96686697	0	NaN
0.611497241	3.894501448	0	NaN
0.611508815	3.942294359	0	NaN
0.611520377	3.865883827	0	NaN
0.611531962	3.899123669	0	NaN
0.611543521	3.833375216	0	NaN
0.611555129	3.897375345	0	NaN
0.611566681	3.927059174	0	NaN
0.611578244	3.906036139	0	NaN
0.611589835	3.919470787	0	NaN
0.61160142	3.841596842	0	NaN
0.611612968	3.851623535	0	NaN
0.611624556	3.812576771	0	NaN
0.61163613	3.908539772	0	NaN
0.611647718	3.821771622	0	NaN
0.611659296	3.925813437	0	NaN
0.611670839	3.818695307	0	NaN
0.611682424	3.863839388	0	NaN
0.611693994	3.771079063	0	NaN
0.611705585	3.871889591	0	NaN
0.611717151	3.816761017	0	NaN
0.611728706	3.939644814	0	NaN
0.611740301	3.843128443	0	NaN
0.611751863	3.88684845	0	NaN
0.61176343	3.751449108	0	NaN
0.61177502	3.87156868	0	NaN
0.611786585	3.785480022	0	NaN
0.611798154	3.854462624	0	NaN
0.611809726	3.816546679	0	NaN
0.611821298	3.839061022	0	NaN
0.611832873	3.791391134	0	NaN
0.611844457	3.790176153	0	NaN
0.611856023	3.779509306	0	NaN
0.6118676	3.790725708	0	NaN
0.61187917	3.837665796	0	NaN
0.611890743	3.811337948	0	NaN
0.61190233	3.848217249	0	NaN
0.611913908	3.731061935	0	NaN
0.611925474	3.773168087	0	NaN
0.611937059	3.739332199	0	NaN
0.61194862	3.760605097	0	NaN
0.611960206	3.729531527	0	NaN
0.611971765	3.797212124	0	NaN
0.611983361	3.769898176	0	NaN
0.611994926	3.820296764	0	NaN
0.612006493	3.705067158	0	NaN
0.612018063	3.74750638	0	NaN
0.612029635	3.70124507	0	NaN
0.612041216	3.803636789	0	NaN
0.612052779	3.68546629	0	NaN
0.612064387	3.815280438	0	NaN
0.612075949	3.709657431	0	NaN
0.612087502	3.735031843	0	NaN
0.612099091	3.699098349	0	NaN
0.612110663	3.740927696	0	NaN
0.612122239	3.73464036	0	NaN
0.612133799	3.794750691	0	NaN
0.612145392	3.776742458	0	NaN
0.612156948	3.724791765	0	NaN
0.612168541	3.676085949	0	NaN
0.612180127	3.694363117	0	NaN
0.612191674	3.700306177	0	NaN
0.612203257	3.670999765	0	NaN
0.612214848	3.691302061	0	NaN
0.612226411	3.691292763	0	NaN
0.612237997	3.746948481	0	NaN
0.612249554	3.656846285	0	NaN
0.612261129	3.748892546	0	NaN
0.612272688	3.663544655	0	NaN
0.612284271	3.756108284	0	NaN
0.612295858	3.713511467	0	NaN
0.61230741	3.745277166	0	NaN
0.612318983	3.620593309	0	NaN
0.612330579	3.717051268	0	NaN
0.612342145	3.631724596	0	NaN
0.612353735	3.724689961	0	NaN
0.612365302	3.649180651	0	NaN
0.612376867	3.726708174	0	NaN
0.612388427	3.65427208	0	NaN
0.612400019	3.692494154	0	NaN
0.612411602	3.648568869	0	NaN
0.612423162	3.676009655	0	NaN
0.61243474	3.736925364	0	NaN
0.612446307	3.720789194	0	NaN
0.612457883	3.6962111	0	NaN
0.612469461	3.666425705	0	NaN
0.61248104	3.689791679	0	NaN
0.612492611	3.657474518	0	NaN
0.612504178	3.718302012	0	NaN
0.612515754	3.673777342	0	NaN
0.612527321	3.664730549	0	NaN
0.612538891	3.624394655	0	NaN
0.612550495	3.661463022	0	NaN
0.612562059	3.627345562	0	NaN
0.612573637	3.723716021	0	NaN
0.612585196	3.626030684	0	NaN
0.612596794	3.70676899	0	NaN
0.612608335	3.579226494	0	NaN
0.612619929	3.706417322	0	NaN
0.612631514	3.622679234	0	NaN
0.61264306	3.746260166	0	NaN
0.612654652	3.600889683	0	NaN
0.612666219	3.678880215	0	NaN
0.612677784	3.61079526	0	NaN
0.612689371	3.684546232	0	NaN
0.612700945	3.638335228	0	NaN
0.612712533	3.660144329	0	NaN
0.612724094	3.625375509	0	NaN
0.612735667	3.626497507	0	NaN
0.612747237	3.640162945	0	NaN
0.612758798	3.644467831	0	NaN
0.612770379	3.728083372	0	NaN
0.612781977	3.6379354	0	NaN
0.61279355	3.640871763	0	NaN
0.612805097	3.593421459	0	NaN
0.612816687	3.692376852	0	NaN
0.612828242	3.63372469	0	NaN
0.612839816	3.735086441	0	NaN
0.612851406	3.574281454	0	NaN
0.612862976	3.609015226	0	NaN
0.612874552	3.572980642	0	NaN
0.612886133	3.682065249	0	NaN
0.612897706	3.619244337	0	NaN
0.612909272	3.719176054	0	NaN
0.612920849	3.57497716	0	NaN
0.612932424	3.680048943	0	NaN
0.612943986	3.504925013	0	NaN
0.612955572	3.623219729	0	NaN
0.612967141	3.557139635	0	NaN
0.612978724	3.648204565	0	NaN
0.612990288	3.574265957	0	NaN
0.613001872	3.61585021	0	NaN
0.613013432	3.60463953	0	NaN
0.613025003	3.61163044	0	NaN
0.613036591	3.669124603	0	NaN
0.613048155	3.617385387	0	NaN
0.613059724	3.603327751	0	NaN
0.6130713	3.559866667	0	NaN
0.613082889	3.605773926	0	NaN
0.613094466	3.555381298	0	NaN
0.613106021	3.62493825	0	NaN
0.613117611	3.591689825	0	NaN
0.613129188	3.61541009	0	NaN
0.613140743	3.528237343	0	NaN
0.613152333	3.61766386	0	NaN
0.613163917	3.531662941	0	NaN
0.613175495	3.637482405	0	NaN
0.613187053	3.579277992	0	NaN
0.613198646	3.626964808	0	NaN
0.613210214	3.502246857	0	NaN
0.613221764	3.64876914	0	NaN
0.613233357	3.578155279	0	NaN
0.613244908	3.670384169	0	NaN
0.613256494	3.576898336	0	NaN
0.61326809	3.601612806	0	NaN
0.613279649	3.550288916	0	NaN
0.613291228	3.582170963	0	NaN
0.613302798	3.614194632	0	NaN
0.613314364	3.598699331	0	NaN
0.613325942	3.593386412	0	NaN
0.613337515	3.578623056	0	NaN
0.613349085	3.543337107	0	NaN
0.613360664	3.520281553	0	NaN
0.61337224	3.600741863	0	NaN
0.613383804	3.569255352	0	NaN
0.613395394	3.645419359	0	NaN
0.613406959	3.521399498	0	NaN
0.613418548	3.558580399	0	NaN
0.613430103	3.512482882	0	NaN
0.613441675	3.627562285	0	NaN
0.613453275	3.539480925	0	NaN
0.613464833	3.596378565	0	NaN
0.613476417	3.495077848	0	NaN
0.613487973	3.55350256	0	NaN
0.613499543	3.469634295	0	NaN
0.613511135	3.616256714	0	NaN
0.613522703	3.556982756	0	NaN
0.613534275	3.631006241	0	NaN
0.613545852	3.495072603	0	NaN
0.613557408	3.560926199	0	NaN
0.613569004	3.523092747	0	NaN
0.613580565	3.584442616	0	NaN
0.613592161	3.598756552	0	NaN
0.613603705	3.573947668	0	NaN
0.613615293	3.545424223	0	NaN
0.613626883	3.502927303	0	NaN
0.613638434	3.545476437	0	NaN
0.613650044	3.522839069	0	NaN
0.613661603	3.558584452	0	NaN
0.613673182	3.498408794	0	NaN
0.613684743	3.543306112	0	NaN
0.613696297	3.486089706	0	NaN
0.613707878	3.540918589	0	NaN
0.613719461	3.497948885	0	NaN
0.613731048	3.627912521	0	NaN
0.613742606	3.489684105	0	NaN
0.613754183	3.551977634	0	NaN
0.613765754	3.473380804	0	NaN
0.613777332	3.564397335	0	NaN
0.613788896	3.507413864	0	NaN
0.613800465	3.591048479	0	NaN
0.613812049	3.478735685	0	NaN
0.613823632	3.570637226	0	NaN
0.6138352	3.491818428	0	NaN
0.613846782	3.547679901	0	NaN
0.613858376	3.503970146	0	NaN
0.613869923	3.569654226	0	NaN
0.613881502	3.513098717	0	NaN
0.613893067	3.530511379	0	NaN
0.613904634	3.514254808	0	NaN
0.613916219	3.500254631	0	NaN
0.613927783	3.571019411	0	NaN
0.613939385	3.50083375	0	NaN
0.613950952	3.515461445	0	NaN
0.613962512	3.483481884	0	NaN
0.613974074	3.532180309	0	NaN
0.613985681	3.47092557	0	NaN
0.613997253	3.541797161	0	NaN
0.614008813	3.455192328	0	NaN
0.614020391	3.534950972	0	NaN
0.614031951	3.457383633	0	NaN
0.614043551	3.499304771	0	NaN
0.614055113	3.450732231	0	NaN
0.614066672	3.552761078	0	NaN
0.614078266	3.472009182	0	NaN
0.614089831	3.532264233	0	NaN
0.614101422	3.449751854	0	NaN
0.61411297	3.564488411	0	NaN
0.614124556	3.473546743	0	NaN
0.614136121	3.55187583	0	NaN
0.614147692	3.427013636	0	NaN
0.614159281	3.500869036	0	NaN
0.614170843	3.484098673	0	NaN
0.614182407	3.524073839	0	NaN
0.614193983	3.505714655	0	NaN
0.614205562	3.517692566	0	NaN
0.614217139	3.508340597	0	NaN
0.61422871	3.459335566	0	NaN
0.614240283	3.530109644	0	NaN
0.614251867	3.4929564	0	NaN
0.614263438	3.556287527	0	NaN
0.614275032	3.458923578	0	NaN
0.61428659	3.45314312	0	NaN
0.614298151	3.447780609	0	NaN
0.61430975	3.529671431	0	NaN
0.614321299	3.497276306	0	NaN
0.614332886	3.558050633	0	NaN
0.614344465	3.427636862	0	NaN
0.61435603	3.483036757	0	NaN
0.614367619	3.45861578	0	NaN
0.614379173	3.54273653	0	NaN
0.614390755	3.445984364	0	NaN
0.614402329	3.544231176	0	NaN
0.614413894	3.423778057	0	NaN
0.614425477	3.494471073	0	NaN
0.614437048	3.409869671	0	NaN
0.614448643	3.539488554	0	NaN
0.614460205	3.524497986	0	NaN
0.61447176	3.531715393	0	NaN
0.61448336	3.475538492	0	NaN
0.614494931	3.499194145	0	NaN
0.61450648	3.453726769	0	NaN
0.614518058	3.474338532	0	NaN
0.61452964	3.523698568	0	NaN
0.614541205	3.49960351	0	NaN
0.614552777	3.473214626	0	NaN
0.614564359	3.414926529	0	NaN
0.614575957	3.457010269	0	NaN
0.614587499	3.410939217	0	NaN
0.614599094	3.498770237	0	NaN
0.614610653	3.46024251	0	NaN
0.614622228	3.529782534	0	NaN
0.61463381	3.441042662	0	NaN
0.614645382	3.512769699	0	NaN
0.614656958	3.414038181	0	NaN
0.614668537	3.474049568	0	NaN
0.6146801	3.408147335	0	NaN
0.614691698	3.512941361	0	NaN
0.61470324	3.441398144	0	NaN
0.614714815	3.513400555	0	NaN
0.614726403	3.37431407	0	NaN
0.614737982	3.468600988	0	NaN
0.614749558	3.388350725	0	NaN
0.614761139	3.492908955	0	NaN
0.614772707	3.455771208	0	NaN
0.614784272	3.490249634	0	NaN
0.614795845	3.45263648	0	NaN
0.61480742	3.433029413	0	NaN
0.614818982	3.424034596	0	NaN
